126
80
191
196
209
23
160
140
72
41
58
78
58
197
97
120
56
204
81
119
90
197
189
207
96
129
190
134
46
165
177
97
94
10
175
50
166
208
142
135
142
18
60
182
175
201
43
91
56
144
145
21
99
67
13
127
147
65
19
14
68
43
167
156
61
104
128
155
27
41
90
107
26
60
139
34
191
143
72
35
30
128
80
174
159
195
42
117
117
123
139
101
130
118
81
52
134
39
36
171
71
171
196
75
106
26
19
64
179
188
174
77
100
16
47
185
180
124
27
51
59
194
105
137
23
150
135
158
138
179
205
184
112
175
146
56
43
44
24
136
190
69
163
30
94
79
28
73
145
16
117
194
73
14
17
38
135
156
32
185
89
53
112
33
138
120
66
78
181
47
34
178
138
100
75
28
165
48
30
113
32
86
139
69
19
176
87
42
186
13
166
90
83
185
80
79
36
88
61
126
106
83
209
73
106
187
95
131
91
149