165
201
47
33
157
148
121
148
24
148
39
39
114
81
108
128
141
145
199
36
110
208
162
99
209
208
52
98
58
127
63
146
35
60
50
87
112
153
134
44
61
11
21
61
191
165
157
159
78
16
206
15
70
189
48
178
20
58
59
131
83
93
169
16
200
92
141
64
98
141
21
23
56
119
187
39
183
160
124
25
42
72
177
179
51
62
160
33
191
141
98
68
166
100
10
194
184
76
22
107
181
201
15
143
84
170
165
90
173
200
87
179
37
172
53
137
31
178
119
198
75
122
153
72
204
160
66
81
135
58
148
151
152
71
13
35
112
153
201
148
172
88
39
120
185
141
172
90
74
164
191
50
71
156
73
182
157
199
151
25
86
15
203
26
205
145
37
142
203
28
116
44
81
41
200
59
196
176
92
45
191
33
113
157
92
143
29
21
49
129
41
27
152
43
183
11
112
105
154
17
180
170
190
71
62
110
99
83
18
52
46
143
150
186
30
166
140
182
137
53
52
37
142
187
167
186
168
158
197
114
148
12
41
70
55
142
48
171
142
120
179
197
155
209
142
205
28
107
98
141
156
60
129
199
73
16
52
195
82
84
209
47
49
30
45
189
114
28
58
180
153
12
111
153
62
197
182
149
181
27
27
27
141
172
162
206
98
87
19
114
145
114
188
65
13
64
151
73
161
192
52
200
197
176
160
123
130
67
171
34
189
51
78
66
168
127
46
120
64
142
113
206
117
98
35
36
56
201
121
21
132
112
194
104
181
180
180
92
58
166
92
20
137
163
107
188
30
76
56
136
187
149
186
105
38
186
75
101
144
11
181
18
68
180
47
35
135
105
14
36
60
19
69
180
38
19
107
23
187
19
188
77
158
10
203
101
151
70
118
82
135
207
143
14
188
108
186
145
74
22
156
112
68
43
156
172
96
83
147
102
97
183
174
201
76
18
194
60
121
184
120
37
74
79
87
67
189
107
138
101
128
62
106
132
88
67
192
101
165
188
121
160
201
40
66
27
114
169
129
72
47
171
141
58
145
10
104
44
52
158
138
62
67
184
102
209
192
169
190
81
117
24
208
56
85
61
97
85
17
17
36
136
162
113
98
13
176
165
197
175
74
79
15
18
94
153
141
101
53
119
176
182
204
54
144
192
96
106
109
82